0
0.6262151
0.6259643
0.6255623
0.6259979
0.3771772
0.3776688
0.3772613
0.6265486
0.6259108
0.3775428
0.3775496
0.3778987
0.3779036
0.3782955
0.3777759
0.3777472
0.3788359
0.378464
0.6257933
0.6256155
0.6258296
0.3788055
0.3783593
0.3784642
0.6257802
0.6257493
0.3795182
0.3784645
0.5911887
0.5911645
0.3821811
0.3807946
0.3825784
0.430305
0.4304532
0.4309776
0.5865884
0.6193134
0.6193572
0.6193887
0.4314559
0.4315058
0.4310268
0.4312993
0.4314688
0.4316122
0.4312526
0.4386527
0.4384615
0.5856901
0.5863538
0.4387634
0.4387025
0.4388346
0.5858978
0.5856317
0.4385697
0.4391259
0.439419
0.4395074
0.4396924
0.4399884
0.4399825
0.4394337
0.4397881
0.439344
0.4389731
0.4399973
0.4401308
0.4405807
0.4405278
0.4401994
0.5323418
0.5320155
0.4397606
0.4397223
0.4395112
0.5324758
0.4394773
0.439568
0.4395286
0.4397961
0.5323592
0.5314302
0.4399351
0.4396828
0.4399899
0.5324721
0.4397325
0.4394028
0.4395936
0.4398612
0.5323911
0.4391205
0.4391176
0.5327886
0.5330653
0.4393459
0.4390646
0.4390615
0.4395187
0.439647
0.4393194
0.439207
0.4395909
0.4391733
0.4395658
0.4398911
0.4394767
0.4397638
0.4391965
0.4390007
0.439346
0.5325713
0.5327882
0.5408042
0.5694171
0.5323381
0.5696075
0.605693
0.6077926
0.6059351
0.6158779
0.6157566
0.615801
0.4390139
0.4392362
0.4395517
0.4403465
0.6063899
0.6157168
0.6157954
0.4394163
0.4393922
0.4397765
0.4398153
0.4413357
0.4425738
0.4447624
0.5247792
0.5247403
0.5252224
0.4424947
0.4445995
0.4452564
0.4450994
0.4408006
0.4420465
0.4405447
0.4410461
0.4403634
0.527913
0.5276507
0.5329685
0.5818595
0.5820116
0.5254541
0.4395567
0.4410984
0.4421333
0.5279691
0.5263667
0.5273197
0.4409648
0.440645
0.4409549
0.4428892
0.443657
0.4412421
0.4420403
0.4411324
0.4415062
0.44185
0.5337324
0.5337132
0.4406069
0.4417289
0.4401703
0.4406433
0.4420898
0.439601
0.4410377
0.4414603
0.4427246
0.4416078
0.4406916
0.5247209
0.5252279
0.5246847
0.4399444
0.4413096
0.4424336
0.4403426
0.4420667
0.4412415
0.4418967
0.6197497
0.6196892
0.4400562
0.4395554
0.4415887
0.4422414
0.442637
0.4435665
0.4430906
0.5243591
0.5246101
0.5246327
0.5245961
0.5254005
0.5253264
0.5252965
0.5336341
0.5334388
0.4409109
0.4401641
0.4408394
0.5246983
0.6034601
0.6029798
0.6033592
0.4396225
0.4404074
0.5251427
0.5253481
0.5250025
0.5582755
0.5579099
0.5588334
0.5584018
0.4400846
0.4406019
0.4411602
0.5246487
0.4405304
0.4410357
0.440863
0.4408151
0.4407893
0.4421381
0.4414381
0.4418984
0.4419752
0.4416029
0.4400837
0.4411592
0.4417552
0.4419783
0.4420094
0.4427044
0.5254209
0.5254299
0.6147573
0.4404221
0.4400955
0.4406357
0.4400718
0.4404438
0.4411255
0.5253203
0.5399021
0.5401883
0.5403071
0.5247211
0.5401425
0.5399645
0.4392262
0.4394756
0.4403358
0.4418787
0.4412866
0.4418009
0.4413438
0.5252239
0.6235108
0.524516
0.4399698
0.4404922
0.4416919
0.6235343
0.6233279
0.5245003
0.5246484
0.5244809
0.4418756
0.4562575
0.4565341
0.4561088
0.5254604
0.5248003
0.4561706
0.4567168
0.4563217
0.4568076
0.5254602
0.5253625
0.5241948
0.5247138
0.5251677
0.6155201
0.6157445
0.4563698
0.4576204
0.4565111
0.6155761
0.615687
0.6156309
0.6155929
0.4570663
0.4569431
0.5768158
0.6158286
0.6156287
0.6155334
0.4570256
0.6155486
0.6156759
0.6155086
0.6155781
0.6156964
0.4571482
0.4594202
0.4593301
0.4594737
0.4590444
0.5049843
0.5054779
0.5144944
0.5114486
0.504292
0.5567651
0.5571007
0.4598429
0.5569912
0.5572175
0.5568888
0.556634
0.557146
0.5570365
0.4604224
0.5148682
0.5119292
0.5044448
0.4604747
0.4604676
0.5144429
0.5116169
0.5120792
0.4598951
0.5056581
0.5054963
0.4621409
0.5048499
0.5120627
0.5117951
0.5103512
0.5988134
0.598668
0.5989363
0.5988516
0.5980442
0.460388
0.4605117
0.4612154
0.461165
0.4614049
0.461663
0.4606734
0.4612472
0.4616395
0.4640712
0.4643038
0.4630954
0.4642303
0.4606487
0.5024624
0.5023183
0.5016528
0.5015754
0.5015721
0.5331525
0.5728464
0.5330632
0.5339966
0.5339175
0.4599327
0.5022267
0.5329728
0.6267519
0.6267341
0.6267264
0.4594586
0.4598081
0.4595566
0.6269354
0.6267675
0.4599907
0.4597206
0.4598344
0.4601413
0.4598416
0.4593248
0.4597318
0.4600762
0.4597893
0.4596561
0.4606312
0.5272505
0.5268738
0.527019
0.4598688
0.4601083
0.4596294
0.4598743
0.4599862
0.4597864
0.4599301
0.4600749
0.4605565
0.4600033
0.4606183
0.4633671
0.4647777
0.4617514
0.6122748
0.6125711
0.4607996
0.4600049
0.4601334
0.4608615
0.4602386
0.4612898
0.5779414
0.5781695
0.5012579
0.4604506
0.4602807
0.4614173
0.4612682
0.501799
0.5022785
0.5020283
0.5021325
0.4614275
0.4617668
0.5020725
0.5707575
0.5703227
0.4608405
0.4600005
0.4605949
0.5017001
0.5018021
0.5018449
0.6269184
0.6269424
0.626934
0.6268943
0.6269309
0.6273381
0.4595909
0.4595901
0.4594226
0.4597889
0.6271311
0.4594558
0.6273991
0.6268255
0.6268046
0.460286
0.5013819
0.6269318
0.6268345
0.6268547
0.4600964
0.4598099
0.4602727
0.4602841
0.4611125
0.4616599
0.4627072
0.4648893
0.4656678
0.4617512
0.4623029
0.4626069
0.4614667
0.461539
0.4628051
0.5020853
0.4625646
0.4639702
0.4608809
0.4610674
0.50201
0.4609839
0.4603995
0.501992
0.5018543
0.4611287
0.4619482
0.5020637
0.5017855
0.4628597
0.601194
0.6013085
0.6013211
0.6012511
0.4598708
0.4602438
0.4604094
0.4610507
0.4611062
0.5019174
0.5021823
0.5015593
0.5022886
0.5022292
0.461113
0.4612091
0.501848
0.5017226
0.5119061
0.5118994
0.5780571
0.5022563
0.4612318
0.5016124
0.4611722
0.460719
0.4605784
0.5018933
0.4616109
0.5020196
0.5016918
0.4634863
0.4622723
0.5119337
0.5095188
0.5449346
0.5448357
0.6245308
0.6249412
0.5454825
0.4596308
0.460075
0.4603342
0.6249914
0.4604597
0.5024592
0.6246263
0.5014206
